-33.35334
-753.90520
-64.89076
-5410.01849
-14.07039
-3076.67958
-618.12047
-21.70892
-104.16733
-197.34387
-39.98681
-7863.04721
-2606.88257
-118.40609
-29.91805
-190.07812
-369.67993
-33.11617
-701.02598
-34.62219
-472.60033
-50.38834
-135.39709
-364.07425
-127.89918
-21.78124
-126.73707
-20.08951
-39.58081
-60.87658
-5.36174
-35.17876
-245.04756
-5658.94656
-19.64906
-777.97601
-829.39786
-53.36894
-4539.70364
-53.85616
-1833.57492
-86.76298
-263.53557
-2140.41589
-54.88764
-652.33556
-935.64396
-368.33548
-8.82074
-163.88823
-34.00096
-159.22658
-18.12007
-368.54711
-31.68859
-102.73412
-59.37706
-448.09015
-1164.60794
-25.77032
-149.27919
-523.11607
-176.49762
-9.10607
-114.89937
-11.06489
-434.13773
-461.91475
-1083.18190
-97.57595
-27.12181
-560.08269
-327.97758
-427.05426
-35.25828
-129.38181
-45.90187
-1602.26190
-29.27072
-2222.95700
-29.17861
-3225.34025
-48.36369
-640.60965
-0.56092
-795.48020
-15.59280
-43.71412
-2461.60210
-64.76476
-27.15782
-184.79621
-19.92283
-95.93394
-115.00313
-39.79172
-1917.51722
-9.86424
-1804.14934
-78.53792
-362.65182
-1882.90316
-91.25431
-299.63969
-139.53440
-1575.38248
-23.51678
-41.28778
-118.16598
-1777.89525
-62.82488
-62.91088
-280.80951
-348.24953
-30.78280
-81.63963
-290.82588
-17.90047
-117.45400
-80.55561
-282.53832
-81.82432
-3055.11378
-3.08113
-929.52107
-12.32126
-2160.33631
-8.81948
-149.07602
-148.54546
-3840.66625
-18.30503
-195.03746
-23.50437
-1073.18232
-11.06489
-287.81695
-158.38560
-126.06443
-46.71362
-172.75983
-28.69799
-210.41765
-1596.05963
-38.44386
-107.75250
-1174.98815
-51.86822
-1687.46015
-22.85905
-4256.71042
-38.74442
-2781.23049
-58.46433
-2157.87706
-14.85377
-346.35277
-62.03797
-95.37168
-25.77032
-176.49762
-19.32475
-69.42896
-98.62859
-191.53064
-224.49690
-12.94426
-208.49945
-16.21497
-8841.74650
-70.83704
-946.20020
-929.80519
-846.38030
-1954.66449
-1026.18143
-26.35960
-247.49754
-37.04682
-1010.03736
-10.45310
-531.38980
-34.00096
-18.37488
-499.33568
-541.79215
-41.64967
-182.11707
-5.36174
-327.65544
-73.54946
-28.46552
-1026.60574
-102.50680
-187.42499
-22.70174
-746.83055
-17.16155
-75.40567
-67.91545
-7.47725
-1121.14895
-75.73385
-1937.79898
-63.93942
-248.53000
-9.10607
-28.54160
-11.99636
-829.39788
-36.66619
-131.18723
-330.23752
-299.87912
-254.33308
-34.00096
-304.90852
-668.75702
-2788.73616
-181.31845
-44.73461
-50.42620
-1674.79592
-1093.33098
-19.16800
-470.22720
-19.13559
-407.74883
-78.53803
-7687.46573
-48.42077
-169.82630
-30.96063
-443.82353
-98.87591
-33.76068
-623.04545
-402.83086
-37.20883
-343.64411
-42.93921
-99.35233
-28.29449
-1148.68992
-1210.92478
-1273.99172
-106.84839
-106.84839
-24.66137
-1318.07277
-6.06506
-142.24749
-32.45078
-388.30597
-33.26660
-222.85931
-155.24627
-1087.71738
-26.71301
-171.91415
-325.62291
-86.43350
-19.57603
-347.56483
-893.57039
-38.42862
-1506.57817
-62.28176
-313.93537
-19.77877
-475.24493
-465.59444
-49.77662
-5896.11888
-44.50643
-741.64432
-40.65158
-1952.44478
-11.05107
-2650.52161
-42.90022
-617.14552
-773.05870
-66.65173
-256.15222
-6.80830
-475.14294
-6.04535
-1793.01183
-30.91352
-2222.17828
-49.76825
-312.97049
-19.59224
-4653.46503
-73.28477
-299.67301
-5.36174
-44.60513
-691.99501
-33.08889
-1166.93804
-1558.45253
-34.00096
-845.01495
-540.71959
-365.69055
-131.25519
-93.66382
-99.43534
-488.30582
-27.75496
-346.27051
-28.86295
-4281.01191
-87.07727
-6915.18293
-54.01561
-665.09600
-1954.66449
-854.91547
-892.26387
-2847.49773
-246.44838
-17.16155
-72.36834
-115.94819
-41.97512
-226.60170
-407.04381
-14.07039
-105.65281
-544.21422
-61.67700
-2856.00120
-69.02453
740973774874648993799578727760265216.00000
-10.45310
-2336.22712
-38.89175
-440.41000
-75.84078
-839.30772
-40.06623
-15.30386
-347.22764
-497.46645
-110.97610
-4050.26259
-30.31301
-570.19064
-82.59705
27653731725450119229692466665839984167453011731664254647203291917437928112679128493106690679338800429466111238197335307005331521989860850809629821389242368.00000
-33.08984
-1623.96235
-46.10277
-481.83436
-1124.96981
-41.97767
-165.96965
-688.96827
-190.24844
-589.56740
-30.95843
524295.29117
-86.52911
-145.91901
-126.94220
-37.74226
-103.04996
-29.46320
-91.15627
-371.38567
-20.70126
-233.49399
-71.29017
-102.56018
380836581543095759001379538591196697416173649066123763843990815320298738914510868837204711564214026404670275380069918762129750412117811897676330160220527215836659712.00000
-54.38903
-62.00865
-72.65608
-127.16800
-69.91146
101822952417947297954486634611397152587732214941538070893838144963073980960383126610747430662602036302377946095139920612754489571830385533122834602747548687133869048000940837788698863269747301098097312786336957012607727468345252314747706946725525119333080179587121118240952536793088.00000
-21.66870
-133.31021
-292.37223
-1012.73426
-37.33768
-100.72882
353260229557721280659578226620060107973561669074758716258337957205928952463360.00000
-292.47302
-56.77792
-634.92858
-19.40649
-296.81831
-12.07224
2066537003387770.25000
-56.10425
-628.70639
-14.21556
-78.27360
-242.36349
-21.98043
-3.45967
-24.08154
-114.54003
-60.20330
-82.92973
-59.00285
-58.49072
-467.93108
-15.49564
-50.90347
-318.40527
-30.48637
26828747785582506412567186145343929695644734742271994917594879329942131125222771386643034009005086111265732856366546435218157295076917814097058164488798208.00000
-1423.45653
-57.34597
-74.87459
-347.23681
-477.37471
-451.79934
-295.99614
-242.38995
-370.65119
-227.12217
-504.03451
-355.44295
-190.18497
-8.98584
-955.45541
-43.34806
-949.50776
-31.63591
-1406.67450
-40.82521
-952.22921
-62.28176
960182327244528334977539415791999234447624487946607513400862401767172802721594655265354185820893758672416933168348632717390152151978361940472293226453255026930136896289765372533434765063293826334411718656.00000
-19.92283
-187.98354
137992737123.47095
-95.93394
-115.00313
-19.32475
-72.50760
-100.10226
-94.67123
-454.53824
-313.71702
-74.63417
-19.57603
-198.17796
-315.85592
-21.54245
-66.38112
-22.17524
-43.34148
-37.33768
-234.28808
531913.94458
-30.16624
-144.89386
-82.80011
-20.24363
-144.36289
-30.27094
-240.23341
-17.16155
-1787.75443
-365.44382
-594.58776
-134.93349
-72.67947
64570935148012426568696505009282409635339112757868047209291528738578113185691163605143585795080178423132046946285255541874144018338573830150612636540076032.00000
-13.59406
-283.09573
-46.66936
-120.05039
2698589280576283580246786048.00000
-13.39748
-767.80164
-30.48637
-308.77406
-1423.45653
-67.66183
-30.14205
-97.28920
-604.79409
-25.77032
-466.08540
-636.29529
-90.14909
-231.88487
-247.10839
-34.10479
-340.92383
-237.08364
-42.03594
-1542.77490
-49.81497
509250681085835312572805568826459672295938077839211860705040855506606534061125062203646022348736242050956478891450583547317339552931577504589519769400950861185437744373745935256974077499007977318274435943333437032588709237511616987136.00000
-13.82812
12670.10506
-12.50902
787074221850734302678101351791578841088.00000
-10.97512
-179.37294
-57.84569
-2067.46820
-15.87260
-282.69154
-10.33316
-108.21228
-30.34787
13422260525138970996738213688785256159641008508907931808130462449787332822678206638050161817910007039311883862322202192230486333060063943799811927712637132594396513790300030901722021888.00000
-67.84923
-159.22152
-213.65848
-239.89142
-83.36365
-1347.86385
-21.65862
-279.61969
-56.72692
-184.82925
-7.32197
132230.99738
-19.83088
-350.55264
-28.65947
-331.12887
-14.07039
-163.68258
-65.36571
65520385957432711512551190408349857684813662930238067343229693630162173799563685857593393152.00000
-77.80420
-1765.14798
-36.07847
93365238270659029943247735965582264827284745877627691009253744099817390587379374154245145547952552184040742047383705167845783979785539729002088649118701069681873991401875762740466972773240757664362848644173223902689339548210802051487272796160.00000
-14.07039
-15.27674
-44.59061
-355.11266
-12.39286
-654.86195
-24.30425
-1480.03051
-56.04585
-655.48600
-426.35186
-114.97930
-28.52332
-702.41004
-58.44367
-117.04340
-208.56915
-33.28288
-98.23387
8466857648220827985731085691367313553784949067676731646212221340003963373202126014305949881151944913373549993072694315607654400.00000
-1472.02361
-52.73143
-1120.92966
-67.16043
-1258.85457
-28.12644
-455.01560
-25.25204
-255.44497
-997.80754
-24.98421
-78.83179
-714.79292
-971.48275
-17.74542
-327.47130
-14.07039
-120.80389
-61.79948
-182.51139
-3.45949
135512158386836617981098649234091023868726576733342623780270360875608486194642192447674642887208956108737733793015444539099311573685329815254595723423907840.00000
-87.89872
7334084053043554059003063163306854631195990828080860853998452736.00000
-57.95956
-1298.00756
-77.29389
-72.71131
-30.87702
-544.51926
-9.36174
-277.34030
-9.10607
-29.25543
-79.68021
-4488.89592
-8.50386
-656.92509
-292.03185
-30.14646
-549.03455
-88.49357
-353.97518
-212.87439
-362.08417
-6.04535
-1059.78103
-76.29052
-2140.37477
-32.68575
-887.05325
-75.19151
-1104.92572
-11.06489
-342.90048
-124.10104
-35.84031
-618.96397
1574148443701468605356202703583157682176.00000
787074221850734302678101351791578841088.00000
-29.72763
-2088.42938
-40.33908
-111.61435
-370.88665
-308.49469
-526.81934
-17.94318
-234.68736
-77.92390
-487.49695
-22.17660
787074221850734302678101351791578841088.00000
-35.22940
-3276.06649
-33.43982
-449.72370
-14.21556
-242.44872
-257.80912
-288.78147
-152.76393
-71.18107
-885.24714
-846.38030
-1954.66449
-854.91547
-1035.92479
-41.48908
-247.49699
-23.44154
-5058.02224
-53.39968
-1882.14067
-12.55269
-948.25270
-11.48012
-92.94213
-3.45563
-2702.94754
-8.87319
-355.11578
-14.59371
-304.08194
-168.51501
-162.63785
-411.21177
-143.58532
-18.41591
-215.16378
-93.37288
-52.04076
-28.35873
-11.15074
-427.93803
-31.14826
-18.12007
-523.69781
-20.88764
-30.22443
-710.58548
-16.80476
-15135.26806
-35.54246
-3331.73687
-63.64601
-1154.12667
-3373.03882
-9.10607
-64.39826
-75.84078
-22.05353
-1040.21397
-312.91257
-16.97831
-391.37006
-178.34520
-53.23800
-887.40807
-14.07039
-182.51139
-23.26947
-138.30769
-274.20666
-182.71671
-394.82423
-16.09823
-1811.05546
-26.12469
-150.36598
-1309.94823
-23.44230
-713.18890
-14.56026
-286.67469
-172.64061
-116.04679
-401.71284
-14.07039
-178.84883
-653.64207
-15.27674
-44.59061
-355.11266
-42.59565
-328.01818
-192.07149
-310.17283
-9.56818
-864.62441
-25.19748
-851.11568
-597.77259
-207.76773
-29.24125
-222.07385
-22.15322
-244.54924
-654.21446
-18.54750
-713.77661
-6.06506
-802.06990
-6.04535
-230.49447
-33.49832
-402.51082
-34.38197
-181.08526
-24.04963
-225.91515
-25.07984
-431.51940
-6.04535
-323.93669
-25.08951
-249.78437
-1090.07915
-24.67547
-919.85213
-31.16274
-303.14500
-9.10607
-100.01509
-10.33316
-310.38324
-45.72784
-471.24176
-52.71036
-479.93997
-27.90687
-1839.88441
-115.18361
-18.12007
-594.56944
-1609.08154
-22.34570
-432.17245
-27.00822
-110.29326
-176.08994
-33.75840
-1062.26659
-422.35542
-63.72027
-25.00429
-8774.13834
-32.22985
-815.92224
-56.52196
-7828.81602
-24.71788
-297.02653
-36.68810
-30.14646
-246.90570
-5.36174
-846.36357
-37.00702
-17816.40697
-25.28704
-395.79418
-30.14646
-931.53590
-1557.33466
-14.56384
-132.67899
-77.51132
-6983.84204
-41.97767
-37.39505
-298.24892
-449.09697
-47.31284
-970.83795
-6.04535
-541.10230
-53.93114
-116.52177
-49.84050
-18.41591
-80.12603
-139.08478
-91.82112
-146.85122
-465.05827
-80.72709
-79.57522
-119.29801
-321.01769
-42.22360
-3529.65969
-62.10573
-265.66504
-704.50979
-113.00081
-187.09890
-31.05081
-509.64087
-58.67321
-376.95105
-19.95159
-1306.30383
-89.94389
-53.98537
-284.08546
-822.35282
-363.06364
-1003.88143
-1009.37047
-189.81677
-48.45344
-79.41423
-94.74393
-3664.00349
-14.07039
-713.16196
-402.05969
-3.08113
-25.07984
-515.80202
-19.32475
-16.67091
-156.56836
-47.59031
-40.67177
-152.37958
-57.07115
-426.94345
-45.35087
-1047.78217
-56.57873
-262.52168
-52.07421
-384.17803
-25.42604
787074221850734302678101351791578841088.00000
3935371109253671513390506758957894205440.00000
-134.41625
-57.52079
-345.78853
-85.01427
-3440.81456
-28.28811
-536.18170
-9.10607
-38.27674
-39.94841
-343.39675
-141.35782
-17.58177
-388.27036
-48.41257
-287.93760
-45.00645
-316.00309
-19.42169
-48.19381
-436.25000
-79.39292
-325.43355
-14.86293
-1019.93696
-25.77032
-90.43143
-187.34469
-405.27085
-661.34379
-41.31488
-2632.12593
-29.22035
-98.52310
-472.74470
-85.92550
-19.50339
-1423.45653
-63.37877
-731.89985
-86.76298
-1333.07639
-30.16624
-639.25989
-933.97147
-73.16172
-6.04535
-1455.42702
-53.61744
-70.59125
-25.77032
-82.53238
-231.88487
-247.10839
-14.56451
-89.64144
-71.34149
-3303.99793
-798.68331
5810036563765097084872857838959403017435619605431060726432539269099449827926850940129535767681121088391257347367568235346696744762920039365727504853491726860641673502482038293195944803873254969136683262312367292962667099968241664.00000
-70.60636
-2018.99697
-25.77032
-174.60901
-250.48315
-46.77342
-15.65377
-559.50404
-23.06839
-116.96438
-42.26051
-127.90037
-122.43897
-148.03431
-30.37963
-513.50317
-135.94476
21059135748221444099712003007138692852764476787920376948320999097586768356230493753593909010657560040951808780153211669464351565932241979232458607805282955755150454796616386188434494079849010542038237723140505973990511759885849732071469848708775936.00000
-117.42115
-62.82488
-157.31033
-492.18440
-14.07039
-111.87809
-155.17622
-36.12057
-33.89409
-1804.72579
-32.98263
-334.07918
-30.97920
-432.63401
-1365.26645
21718157667257109144924582220264395169746409359657424397534999560969066816124706277123606860839319735212908762635559350536216712051390937566519621716962479608695310374776376494850102630079172395090905408622523718439995475883176737163263485197457198015566661470086234112.00000
-30.16927
-761.49591
-22.31977
-1064.28746
-84.27385
-590.34454
-46.60978
-453.50168
-997.91192
-94.74393
-3668.98792
-14.07039
-851.84069
-20.08951
-108.89536
-74.80786
-53.15519
313465093175185251542983856493565809258181231712492698552981974924899703646169538397509757760134706965719011372662019844255612496022088190837340150995866733050309019627645971189450797671076388253052179061844114791560641552702193766476035394525062758089779174755706678767138171138636336654529629633118208.00000
-29.95125
-103.32695
-60.12270
-92.07568
-23.63265
313465093217387257734085838448543316428074829417833520239274830059004868903611015726712119384158127495903354597032052586301069675710337942663837577865400468146465212818321329181005273216986296990607672869991785674875572686021104297623224108330156872083101784490763351437271845804105858786703754378870784.00000
-108.87565
38525799343857541811152691351934143721019520720388886705232417333451783779570413408903425666094871902089641984.00000
-66.78133
12441423009494142376219634533200802678184241466304211214018392593558550837876107212258100112118342974510984852922676542539351000895437847856485110804584953231010043584842080634125804353193240183772688756591680584264038131633857421565281410627396423456913299141090816704608473834812399197093888.00000
-50.23925
74648538131187992658028608595527087731910816480406925141444970847508526680703917202800806311236507805566504586003039580603986467915579759000258379524209812875065722987491108667125902778367426276643376595714638090808437110631426994058426914263586120042588288320256072665745096713999365691146240.00000
-4.45944
-1346.01186
-10.42570
6964601210573799370906355151337635026357224185201025768506471408155047225938471529941306707731336315620628251629956520765123558113220135551369240164504778822132637454659007767464665121021491362422001361340001782360460934084710782092779989389326131700695040.00000
-20.57760
-1172.82714
-38.55141
-862.85271
-52.73143
-1074.98618
-25.22982
53916879387379063336841734633899613840622648509807690806426497234017143446567962126830757741595359583705570244328137060981818873330426397227505119496523805556847118519790867301899115368330849892082360824778493596041741084225138732722781984335254562976943663816080560119373001181081956073542254592.00000
-9.10607
-85.66976
-36.50676
5892577984257953799071274212381851753506898229292700640616896000289907589470026997405225097259663404608358756654774270867051614873050000081471062404141226750829388382848987002264465965056.00000
-50.80173
-1795.60580
-27.90649
7621637217875369326585342517117021459791097786610255137101600647563614204897271257110290888609743814099121180097820034201116823985477173411589739144498565371075452372701293892089768728899169868824012285248731611136.00000
19946775512110143036487717256365095056916417280763102578319447308979457093071788972679420421946127290585996160839393840064314900744332242770317538135733252087154091042736809027854734409045855790024619287202620509263838521405881913646807178273751560111382290145787909711386739421644977178935296.00000
-24.20633
-175.84659
17637674907024035617943326343235876688061702802372339341669905451525704544470324463451675204476376997053368273773567704803954565769873077623247700919229354257027354950061348504740540834701887575386119855337935087518316767260070885516835216983407062771656842639879549921198290720848639395102720.00000
-15.08618
6397041373460552406994410680079143694157897715295003988789403527884528922277107289546002303994794384146107120452203537834984775979452529659864781763912379924480.00000
199505640204391166906316520850435216107755529625665994976074294766067774543701123693580005208071570321179401890083684035276679802716287106859397105768640875692008931328.00000
17637674907024035617943326343235876688061702802372339341669905451525704544470324463451675204476376997053368273773567704803954565769873077623247700919229354257027354950061348504740540834701887575386119855337935087518316767260070885516835216983407062771656842639879549921198290720848639395102720.00000
-1346.19932
-181.31845
-48.62600
-1853.08960
5696764302047187612025351749852482611248376676101116970336191955401599250501479488530670725602787426332295898201120449799063563879719620649180144098768196289997965544862712627869009644329965674601690311333614917542355648653362672002425911082692669067693957603242171957248.00000
-1389.39180
-14.07039
-174.78401
-153.83577
-9.10607
-3.08113
-23.26947
-182.72523
-394.82423
-70.08474
-239.22896
-776.23137
-58.67321
4420465031385081615375652925570509069644031815360195900784966942667178164219864974766853956657718516678560630653845504.00000
-55.45424
-61.35299
-36.08962
-122.46057
-32.82175
19649027842596052616613392956579235512444719504555863187174127983936668109913192755105834880114958443089079931260281052115613667080585153079187340196042631168319852439070693948324356995219038890277289259060173211257241655366397575429401307211760919360062598434561206218879897388223343875850240.00000
-75.96134
88909340930404830095293468901376.00000
-61.15760
-436.73643
-1002.94595
-2880.17477
-169.18590
-24.80521
-87.72286
-15.29890
-2163.74036
-26.33277
-33.25846
666064998596674846667899062164942497805338918683161688339793136054983178244185839024373209157065837447908133046701477564733482274264414383165221643633741237789987590902400493256282986954062170587630738460964975070412800.00000
-52.96022
-314.45456
-6.04535
34475503199948779578273286296088665842356457335619615210033490125756114166298090611030400689499343453040024519015566007911443001452538094737950549369499234248459170136126121042335024974393833933360626273575466965413498321149461142765896163143180722251511644497947674315907359226837563177172992.00000
-48.25582
49523622056666291738453756499394276418675302512600894620141343862367621925521717051190749003254850779663956050092717201103314179008791532179166497649646829577590292088092296775316338428450961067133021456055159502981551468975068915397820416.00000
-72.34108
43213294572454193776887061288372661302392080188285073657148935653038572145794399574610352858513510706456608644477333823420243353854434017698764412577224560946885153273881186446302938634212317478330983817176931540051553815942827119841772757981596291715851593522359031096251617710302722416943735983600304128.00000
-50.58564
-947.41975
-26.71301
-77.52813
-19.77877
-137.48503
-426.98616
-51.29593
-262.48519
-3.08113
-230.84828
-72.58189
-18.12007
15926441230233728477336379776138345699934346629829318082972067517853826889108929501460419992622510727474023581314185344054330837915430737994791987195678353601089564914497262307682961930359564975374111596997780380155476643321782217218804061030698978481888057928806980051321839686914690623995904.00000
-58.74984
-59.27092
64358159981506183526290713175576875224285065551577609003672629747039507342954446296515610537355973383413742735699168634552562935998616885522338404572635487856949421309931245143397554844890079560150630298405550119506390760180711981905971042094723772262092802597621907242604348571648.00000
-72.79220
-82.90901
-157.03262
-3.08113
-127.48471
-14.07039
-323.00392
-408.21093
-23.58134
64358159981506183526290713175576875224285065551577609003672629747039507342954446296515610537355973383413742735699168634552562935998616885522338404572635487856949421309931245143397554844890079560150630298405550119506390760180711981905971042094723772262092802597621907242604348571648.00000
-49.83017
-54.21069
-2968.53676
-31.91264
-400.58528
-586.62984
-14.56449
-195.99581
-179.36742
-130.05638
-118.71092
-18.80975
-118.66702
-141.15726
-9.89190
-696.38306
-61.06912
-474.42318
-166.29022
-40.60120
-2858.42053
-57.52263
-322.14173
-62.35947
-239.59996
-67.10853
4078690040252716596233480793938624184058369380662116352.00000
-7.32197
-151.48767
-19.32475
-176.47003
-665.77979
-63.40718
16648508480485991691967124141575790708134363222054913060811918279900692169074953655979193514117934155521744685602650917951948945975584110886792472427451297734613457893308904605921587620377251709978865128980653576977315958167440455508736846061217867085773113336643536859729493370460239248228352.00000
-35.07651
-695.57800
1136442664337293794933478984140697108480.00000
-220.15918
-14.07039
14175819107625746047827941489700555928109375723877303959249524215652860966265414046070648078233783777449863305032041374825661173080654029315182738910988144817572207723819698108704628264746650054415303072710519290937833607910144741118798174144930610278159443831375742709941886857326008020762624.00000
-12.61729
8426981414456350652649099391110371607113643276727392141312.00000
-27.37030
-15.20608
119063903385515279646657475415356127070233854536735115474491023813996724883257230434138750965981197099222254642457619172775472906068342908174007460590820037178886102262133162898231331152248692713348766692168517758070192159015758531647220768972252364304564766197678080.00000
-190.91095
-21.54245
-7.02036
-236.01740
-42.18149
-71.34149
-184.69213
-677.13419
-22.48705
-142.49690
-26.71301
2384124436583017265697421682635557481903448992300785506499739471410510422788147726329497017112965647257313364012103603940167661608486230062520305227656329821474595201512514517374361155061700594590930706628608.00000
-322.87289
-33.75840
16215787235961100088789281035669891778608644196983813559707945377328093648130217077149302517605040485036863137307970691680182784087085575682033973850237524400414723378109128649091916172438701296293317651615515915760288466207418856435585875059620547018367701002430818351421673836087356107522048.00000
-348.32004
-52.12961
-26.71301
-135.17170
-348.26700
2384124436583017265697421682635557481903448992300785506499739471410510422788147726329497017112965647257313364012103603940167661608486230062520305227656329821474595201512514517374361155061700594590930706628608.00000
-52.94803
16215787235960681297322773271510944260420658879268012546926513664294236390642725241817082743438396810646189837354239584029789020199342615353259211715717153936417853527079802655004392101227817488557489069757434582111125720103369253085862059261849537674952610715136297501649979245638732671352832.00000
-29.95125
-92.07568
-29.72933
8501580861194137961929957041719856756972751061163016769173806279372286744617009603382393969720177427859073661935812608.00000
369010771252649684137719273467819527511369889419869523601679331820052190078288238632812010191093423379926839419470230037084537424958228999452269884137489598784047353968715688832614347997207677563747625031968071677428030568214265520865038765103828801468938288936798650368.00000
-50.55680
-822.33306
-9.45958
-215.48607
-14.10348
-207.76825
-50.75010
1299608951725543571809206451108886109403592773561810535607898741114735622517234861565026066719558597713858591728578873769828247177579097035903601880495156889291467522922897665140141596353968136517804862600403198644433212218272388160159744.00000
-52.47059
-620.46392
-375.31238
-148.85782
-78.53803
56831686455822999440564051049751708985016312192185719214529613398678146525551110079124381175134257024567306344615341738998302362255695227957202970767421257114071213076926236258976406261244036538871953305283965781172256973886055949692795598475315284749586994413329128996057168225509572608.00000
-70.74861
-1090.58523
-44.04857
18621601494858451613262327075976945547894898307132100628164236507162613323658403234959615081023208178884514585860617606398481208722678357680975609097692872782010084768970255352882080656714721168439516225998346205215386605684084447062730114757984611898243133246144609584038733467476126733434880.00000
1281760973176928708944765526364696650465350029176267223928678585876534021377224568431988125947041232954518678066424076984910521775581115907720792627891570746902950971071919030272.00000
-334.07918
-41.96630
-1899.24957
-16.25512
-178.71650
-23.95276
-339.74359
-22.46237
35235476386504085962522000872668834192204664880156560823606409674092507440669918619986766322906809052698320070949005575886876802163609826228677484813963830342619313485033347251558956980465487107531063830857883914175141476569957029936604605656817153660401714937544966223528466332212531113754624.00000
-53.98537
-255.51960
-361.86101
-180.06205
4528010514467133507623647248988269174510064096246100010420200486214544871532754373096251960590711734343144552627995871483321196790212348976030965553038503017372633824692395391206193316536752733536061325897286169207385899081198592266677868440250406964715806413311220128047668261532619014074793984.00000
-47.42830
-61.35299
-160.23610
-40.47090
-47.35224
-236.20256
-216.02118
-14.07039
167879065193682817338908420353045636944424675744179564195608623973173972365436566316559561849721903968413150799387668101960626919878688768.00000
-10.54225
-313.87188
-19.65743
-356.55477
-51.04227
-1391.99316
-36.73733
73545316295932434680201860867659556045992891123476809157290244955353908791180417371279193677599759915426404479773018687172450628009145474744320.00000
-50.39749
-138.87699
-25.77032
-405.27085
-671.81787
-61.67700
-2856.10372
-30.68628
439762696237365775481144986657356009926915811889189627314412790209249442388412296326633808024857642490602192896.00000
439762696237365775481144986657356009926915811889189627314412790209249442388412296326633808024857642490602192896.00000
-70.83704
-499.88467
-929.80519
-846.38030
-1954.66449
-1026.18143
-26.35960
-247.49699
-65.38353
-3055.11409
-14.68899
-516.19768
-62.82488
-431.25462
-274.13006
-291.91650
-23.00707
15726045549360174271677584015614495488661711595124973949839512789726997458976787139492125664000552944523888803434026641628103867883547075927227456542404688854275529771889773422206206127316412808069813564757066779340404567995739920616390656.00000
-34.00096
-18.12007
-368.54711
-29.25298
-42.92920
462737032992191625083621687901047600238750242201592609780795493159158983170003994152392808816524482169719723549197359666152917146226874122573605735682137722446370689222316627050792985606448663092505333887219903117447813276916228174544797077586208260665525113303326246168240523295846186837270151036928.00000
-15.08618
17637674907024035617943326343235876688061702802372339341669905451525704544470324463451675204476376997053368273773567704803954565769873077623247700919229354257027354950061348504740540834701887575386119855337935087518316767260070885516835216983407062771656842639879549921198290720848639395102720.00000
-1346.19932
-181.31845
-90.43315
-308.57018
-25.41533
-690.00872
-34.76663
-440.32811
-10.33316
-223.31372
-23.44230
-222.72128
1574148443701468605356202703583157682176.00000
-30.14646
-135.92022
-188.55398
-34.14582
-303.63562
-97.48069
-2400.92694
-689.44189
-11.73476
-619.58927
-13.21098
-1195.30403
-67.63509
462738316573352301636459363126705063228888133917482021603145927420140773193241478105305542718079624187300993116016704257698245484008205169342494459670500446687592036974527171270286974034609973728363574879264529755735409171304980559897460190536397666290629504215393310804488177611104782391025636212736.00000
-280.55725
15477931910291288295445680928727485089267159635037669528421594733856848309194130939790094127163029957192115849562036726648319723982160506539231984484764695888112019591132347316693522801020300807448890478562429514409293930934675199897066451612727352544038879249868203528950477452625620217378035990528.00000
-52.69609
-1226.91983
-9.78252
-283.09538
-23.83667
666064998596674846667899062164942497805338918683161688339793136054983178244185839024373209157065837447908133046701477564733482274264414383165221643633741237789987590902400493256282986954062170587630738460964975070412800.00000
-30.68628
434850790304915606142640751361701192741115245533242206234237674215762768827790024397496513116744161770251949113348194304.00000
-357.47945
-117.44774
-14.56447
114896160098290065531489138879220888133294447661353902593959038805542468453220864621139101922525480643934976209742828304188812155210753543905646304910362457139797578269480738806365929032294681282609152.00000
-212.91479
-48.61375
-1091.73797
-29.28756
-619.65941
-300.52765
-54.88764
18276314782212156203284797522518823821522942166610933458042578125101025512919831722000407532970375811377044033725262393753220378423162386451948431232530026943780839302624671672625823889602985022451986973365716486166584935351392062479637058814909301035293259935215648385127990920680017600970752.00000
-2281.46151
-38.38380
-123.23645
-6.06506
-782.85260
-23.59096
40415667129029001878556740455877053949742513918478502959366153383669696040203747388609709467981331349747642400273016940990664472527451029224714095189854050387875565200747523565022635353456252837831021242634265282935615059886884636590398767104.00000
-228.14391
-38.44386
-167.64325
-3.08113
-1735.53795
-25.77032
-69.22667
-187.34469
-405.27085
-671.81787
-12.51315
-4851.22173
-39.72339
253574255930392809392393201439702980903379505847245591544126713660821541548756992718735114399033917525223899731432337140477682223674944947749438030642639399207130065036284533323777116937566687549988299225400007434217424112694589627081718851595932779293026811904.00000
-36.17532
1574148443701468605356202703583157682176.00000
-26.81607
-173.66690
-365.66560
-75.18365
-19.80823
-11.06489
-71.58991
-62.10573
-18.12007
-613.68231
-414.82935
-60.73371
-417.97840
-18.46584
-620.44493
-65.40559
1725783700310309939620362235033748075229028842283936447169504049717828287077845812285044699061038455320273130250513437359487637943811606861741746731952679201640220147341588780392425932604340875540347107470794454309642743332669787535618350203506147342859755660065188265256078540800.00000
-77.87805
89102421287920655272836598645637573889854765023504714216421116272618169702565717510822582950082787798879460842465231406219994928660793849721161760000955036964051604874822745181447506213794007097717184452531598364804276995673178986059463055638528.00000
-30.68628
-176.81182
-557.54109
-28.80799
-130.28669
-37.32348
2919496776481033744571520175059957407152941613453733933547780600673013391622756061528484934985683941107918668779573415541503005691506501750673716846890528657392188551190923028783827342702594136854631249950188360676507649223525587222528.00000
-175.42902
-47.87622
-725.05425
-30.14646
-112.46300
-248.11369
-51.63425
-280.80951
-9.10607
369660900532702609101903222760737776064472237137658761258773882424843162949452715373225846604702037822569171279029901908455996593924135978577867434797755407299947133960471330597198885695968382779206084420822021165273605900301763309624525240004963909243674044414173388996608.00000
-27.62073
-8552.34710
-14.07039
1914208220851846431536418557244567857597813785682533210585860627176680601808145995001906661121027598778071356180128989293779095523395590911420480715389378169086163102722903015631929341405556415171215976234426909446897664.00000
-65.72477
-4.64733
-58.87177
-130.00977
-66.62404
15701643974475935042173921850152963569284720438179749550218400894116276227446252937453283817442145197599918958015417047403015756837380882462012810658817350535516589686362472448.00000
-42.76813
-377.37949
-17.16155
-67.55694
-165.61166
-623.97965
-9.10607
-137.40199
-12.41410
-184.96301
-8.22299
-1351.14912
-58.88792
  inf
-23.57936
-119.86156
-59.73794
-470.25719
-572.78757
-21.40850
-736.34871
-70.59007
-52.07030
-394.83061
5543959531271289051251647088342981218603890710790648745017902750480983615819442993889644070213206276609936379174195839786925191856128.00000
-19.95159
-253.92224
-18.23233
-138.75388
-124.28856
-54.01561
-1707.91404
-854.91547
-892.26387
-2500.38673
-371.95810
-287.14497
-246.33815
-13.39465
-1037.36455
-85.25854
-259.29149
-40.47801
4739916453728431304878607270805226496352331178901959695216315002293638355993713154055350272953218753375204229163574622220075567039901885581215399936.00000
-30.48286
2477652581812302902723968595848122080145113984572038741394243925559000284056792528104501838555017045201331020099177172490274212210967348868573430068701851131647056192545207402833988011714047545262575457282350644015636679027832819521740753897343700816322570018750943543858522268631040.00000
-3.08113
28778471023097121806510490587978657575886256139412426237144210591590280978718044707674554195665114252959901026524997357800402630096925175800899317666588243977210404843201053436612540312541557819506241412234069507340005290112510784167108385219968104891346409348295781552290913058816.00000
-56.77766
674427824238699802266295569353886570447057733087705757847590991315049273589616977970443408630516282733730169203887613930519429086164411459359265162106297147573267383451648.00000
18258550656677122304874663444748085958525302191218050580276147485849873073717396446085658237640870016780483896734750306148401468151318526737694577073416065256752862484936700022748289966884206175331970427221219081599441572725024919894896286568222139863798438631882959852779335810467269812682752.00000
875078985555567532392241660280979763870612643818503935780850328500174032586226245788591363104748859909388216184593527721748720490182916539248092298549097660416.00000
-22.29760
-1018.88743
-10.33316
-273.86589
-26.52389
-970.40812
-24.40871
-562.42957
-6.04535
-224.80427
-24.80521
-102.54198
-87.72286
-17.93493
-346.34381
-1431.26645
-58.48981
34812194570573013562606620589316607296410099824471035357334481855666387002877872308812160486175443446855161478811344139736209091628541791701660921810967337618885659056314163242439244040696834021862309449334991618048.00000
-133.38026
-399.68424
-8.84869
-542.75006
-65.72034
-228.69253
-44.04857
-781.84147
-334.07918
-26.71301
18768668183587778269807169402954671504567002830292053079764978084150747084055499557606554578727341251374157242612834106917019784389759091875970729198799201082353525228623141969141529676973909496639191681687750306094605050546691749369422188757362049067804737507785911652593128270248635388657664.00000
-375.17363
-171.91415
-325.62286
-24.31594
-841.79136
-81.48472
-2786.49257
-22.91852
-701.61419
-17.24031
-2299.46016
-101.77838
371130068988954848432171242937843986089751441693416662834998440877080816055480850790230567568708593320922580774447703857974738944.00000
-66.58732
26420808259087930306771434111200218385612211700421701966115940105383687446206028110077543741533362202174517358718600556776910949508849792679050837113402428122856138675612748235696050270910117565355950427263220484142941060916784219605175539177881600.00000
-33.75840
-254.57604
-348.32004
-85.92486
-29.39126
-170.37868
-31.84106
-773.05885
-42.93608
-14.21556
-265.28135
-1069.37133
-27.30105
-134.12655
-231.41371
-26.03508
1530802818894047094009048124615878696525704636251572275469949651207865254725366547744033648068003363832546271110122294995252485953604056425040570433118747191890125250490186969333956673581127118035243254153207616848118367998841126121242463078934026653567090204906677107665990888820687869908615168.00000
-14.56449
-120.92800
-178.72032
5524492815380965648014484733872116444239515769145187173669849543014529289451466739356047251011929774949347245618213231683704745536851096053237285388690053147234178079460950016.00000
-117.26051
-486.24026
-85.25795
-735.41940
-25.77032
-247.10839
-9.10607
-754.32245
-45.30560
-579.09849
2824880538811834592981944742903251329444158484054483692283871721364156917655441031425461706513991622115160992274334142832919486904356236673929344030229873089673151989219770132407800365541568750359350387648601911369498903251142162141920158147351693330911068160.00000
10435009624335275523628247077760923017137422126348545274040556752185255348387449081193573588209060064320934913837006757425794414338508187288755860324031931158442811260759926866455145225604935860672441794111528557272345433155422320772177986467768876941275508862766672436501938176.00000
-76.44898
83138074516722831229286369116823704229394002277347045673701287198415030819400363301285501751657515231524316320797942592754972178239846100516636424876846405055561072640.00000
-86.43350
-78.83179
27533639991727977418054024555716326142455460158629478612926863339884902199505196388555795302301125542961793535409048367346429855945971436883711213281033314508011955439839740696489094081072989587185061179520773178506262756942947443718214853351861980437996046500348579722902756224744261668009645961117696.00000
-50.56008
-179.76072
-368.53878
-288.87411
-89.22038
-23.91176
-574.45872
-377.01420
-17.68436
-14.21556
-85.27398
-430.08741
-36.26450
-398.65342
-23.26947
-64.05894
-56.29412
-182.72523
-394.82423
-14.07039
-53.62835
-118.80160
-469.58136
-260.88771
-73.29347
-273.60840
-227.34734
-215.26053
-19.89687
-132.26602
-158.37000
-26.42036
-275.35369
-41.97767
-492.41823
-341.02244
-42.47643
1312643026730.85352
-624.61507
-35.18997
1312644091214.45312
-186.89704
-138.37994
-271.81188
-47.58742
-1027.41943
-23.59096
-233.53791
-474.11946
-54.88764
-1477.77017
-912.11577
720570718.34581
-184.49875
-14.56449
-117.81493
-391.57629
-84.80282
-59.87613
-30.93555
-534.68958
-4829.59563
-75.84078
12621237969335633520080179649569523043946808359833587326856251178175095051063996859134521298965705014975572312496775514331336136985150649011539322298653632976253589792459773143908789610425331786867330734702442458824851660473615402858787676554255464035398887375853716833040399030323312284663808.00000
-450.10537
-192.09604
-41.94243
70243906508657025710813262767631104325545888313471709250081606918649795834804280337691436422201780608588378774982130040069688475383840987975679305750477631063150579523691647048282940994726290129217655025594422118043381666596906551360846863828039988396183063404129200385608204430936291743276605193502129651712.00000
-25.19748
-167.89521
-509.51078
-851.11310
-597.77259
-207.76825
-67.67202
-335.25868
-16.97831
-551.85132
11165856325155794188850372350977161228441719621352141847862223933604488384814910885704328567799056187492034314602729375638984853175419432499723916771045195807831944138950449484005376.00000
-53.72953
-65.34630
-893.53000
-14.07039
-122.39132
-83.71383
-519.77163
-9.10607
-86.34826
-33.66093
12621277453875391103028675242801398657637853448961811998475714072361681525218728980940005384309651276918098506820655288749576999723954451968240113163114053923059782464782946115010344933570388467782030675913594024140129400106052868788279013427721463692517866522300695447174668343479654051479552.00000
12621302986329571234616153399518269143997054807602318086702169734853949506446703595057614502328203784136655714370374630484178790232532557889244378233830527594226677789033417156775435406364780081265458359917561657666771008515658144167836304918324891970474302956844786995352533660764459048632320.00000
-78.48400
-52.77480
-120.25354
-119.19406
-9.10607
-18.62183
-32.33575
1639319926952793572354346954104752563387890105408375225284609531969536.00000
-8.82074
-123.76729
-113.88655
18779160703476538591516406453976572931927542803030870842383670569473983073301796458808836847549021142794521037312096531909318254920892258371517258647104854975871196764426937257783662843296436594195818313922397388961950119750449667655735795351367213513969117314059170185364724367138296539643904.00000
-83.36715
32670703676013854845957214781058569148384564971675179405290351883165115818814077669742305688316671992606089036965753813298648638836306972450048311236812747448322704337939305693501493293594215829661225722165265485791916242112970204324174168640156647094318479781374143941639646627357794148286464.00000
-66.06474
61223452353919126108103154544210491777603647331000540948991867062227874287813929649391496874924914501553437322203676942605078713019388660144624211003329804383212912824860722771569266572110310249352990456877014188632901435796681413897314714545243812324370796741150681836802355367411710372610048.00000
-39.21518
1823558664464017469184809550841367143504182277689439274958209215099260643411907344432503864847224012035466300493893754943731574212925651832017554030793516340852083530630266522339028596265907669097763083989890807247363106818526142865337207795718826970658222503205141426354451952433161300357414912.00000
-8.98792
-720.91597
-26.71301
-279.80845
-203.67040
-14.41018
-115.45250
-16.48090
-202.20536
-37.20883
-846.88532
-21.68599
-1491.53683
-19.77877
-79.45685
-329.12836
-141.42226
-30.68374
-566.14590
-21.08565
-242.11485
-18.12927
-140.70828
-45.64437
-94.03924
-10.30462
-115.07656
-55.19824
-260.14552
-18.41591
-447.38783
-287.73388
-19.65743
6487702220277301295697850354871305957453575635132528002739725259533528042134264321644036155838220536209831194581750890816488784190193244507921990091410482671926921618336327797663531806394197551228680364705193803422638259317952019993709321673208784926327087876629942739419495430237762902556672.00000
-119.68343
16182471833622446194679465271234472870483510447551439843247145855078589439818497035641117081826816314052798896648161029460348216732356091911888184498201665902847784584032815995188765302413247530727042040008623802238474230480383376366847393512364760567453019622783478097273521108658295947657216.00000
-89.45062
-965.92675
-14.07039
-283.60796
-314.43295
-300.47644
-101.64168
-37.01151
174376477316606717736183059287463345032501381060980830528373302269172892060279545303385231704384608321865259177739033325793836423566750523543795488289082999435882677133487794030832266360560093828619896137704981466494819148792390916856693069391700124656461777571329078551423637214199808.00000
-14.79626
-836.14332
-19.65743
11812118196620006434740561038464989610290641809261914549370756429317747943183182116792682569711637450675239482191788831257328474880495990079488.00000
-49.07432
-976.87092
-20.94007
-1146.04920
-69.04542
-403.47647
-11.97045
6828967562439969754805845207900000349090660465038051396455705167743245402002840141310854921875624636361880440765925833708048734117174082206016498660843277372099691145694355505839349005228072685799580218636479873289673149323163109736801282262869324810480476449728138464658922143744.00000
-30.31301
-205.00084
-7.19483
-281.04057
-6.04535
-312.70425
-52.95434
2827743573577900117963591384962178600104458672819398341994802253465900364144371016763668099699210938272817525884827186394593789591897117862643722422685783179883916433165746711322960802468112639507062132310016.00000
-14.07039
-580.69485
1967528380798709787009066823227127642221192184904052548574526159652034581389804903592969956753408.00000
-85.13584
-9.10607
369660900532702609101903222760737776064472237137658761258773882424843162949452715373225846604702037822569171279029901908455996593924135978577867434797755407299947133960471330597198885695968382779206084420822021165273605900301763309624525240004963909243674044414173388996608.00000
-73.61020
-411.77957
-1730.85810
-285.22820
-46.50989
