-33.35334
-753.90716
-64.89076
-5409.99339
-14.07039
-3076.68116
-618.12263
-21.70892
-104.16733
-197.34387
-39.98681
-7862.99240
-2606.88646
-118.40609
-29.91805
-190.07812
-369.67993
-33.11617
-701.02598
-34.62219
-472.60033
-50.38834
-135.41748
-364.07436
-127.89918
-21.78124
-126.73707
-20.08951
-39.58081
-60.87658
-5.36174
-35.17876
-245.04756
-5658.92744
-19.64906
-777.97603
-829.39786
-53.36894
-4539.69383
-53.85616
-1833.57429
-86.76298
-263.53557
-2140.41570
-54.88764
-652.33391
-935.64404
-368.33507
-8.82074
-163.88823
-34.00096
-159.22798
-18.12007
-368.54717
-31.68859
-102.73404
-59.37706
-448.09045
-1164.61646
-25.77032
-149.27919
-523.11614
-176.49762
-9.10607
-114.89937
-11.06489
-434.13771
-461.91475
-1083.18207
-97.57543
-27.12181
-560.08269
-327.97758
-427.05426
-35.25828
-129.38181
-45.90187
-1602.26378
-29.27072
-2222.95700
-29.17861
-3225.34014
-48.36369
-640.60965
-0.56092
-795.48208
-15.59280
-43.71412
-2461.60380
-64.76476
-27.15782
-184.79621
-19.92283
-95.93394
-115.00313
-39.79172
-1917.51939
-9.86424
-1804.14934
-78.53792
-362.65151
-1882.92333
-91.25431
-299.63969
-139.53440
-1575.39683
-23.51678
-41.28778
-118.16598
-1777.90364
-62.82488
-62.91088
-280.80951
-348.24953
-30.78280
-81.63963
-290.82588
-17.90047
-117.45387
-80.55561
-282.53836
-81.82432
-3055.06088
-3.08113
-929.52377
-12.32126
-2160.33631
-8.81948
-149.07593
-148.54546
-3840.67784
-18.30503
-195.03746
-23.50437
-1073.18232
-11.06489
-287.81919
-158.38562
-126.06443
-46.71362
-172.75983
-28.69799
-210.41765
-1596.06368
-38.44386
-107.75250
-1174.98845
-51.86822
-1687.46015
-22.85905
-4256.71692
-38.74442
-2781.23067
-58.46433
-2157.87706
-14.85377
-346.35312
-62.03797
-95.37168
-25.77032
-176.49762
-19.32475
-69.42896
-98.62859
-191.53064
-224.49690
-12.94426
-208.49945
-16.21497
-8841.72368
-70.83704
-946.20020
-929.80614
-846.38030
-1954.66449
-1026.18143
-26.35960
-247.49778
-37.04682
-1010.03765
-10.45310
-531.38980
-34.00096
-18.37488
-499.33623
-541.79243
-41.64967
-182.11707
-5.36174
-327.65544
-73.54946
-28.46552
-1026.60664
-102.50680
-187.42499
-22.70174
-746.83291
-17.16155
-75.40567
-67.91545
-7.47725
-1121.15183
-75.73343
-1937.80443
-63.93942
-248.55401
-9.10607
-28.54160
-11.99636
-829.39786
-36.66619
-131.18723
-330.23752
-299.87912
-254.33308
-34.00096
-304.90796
-668.75702
-2788.73771
-181.31845
-44.73461
-50.42620
-1674.79678
-1093.33180
-19.16800
-470.22720
-19.13559
-407.74883
-78.53803
-7687.42661
-48.42077
-169.82630
-30.96063
-443.82354
-98.87591
-33.76065
-623.04627
-402.83086
-37.20883
-343.64418
-42.93921
-99.35233
-28.29449
-1148.69751
-1210.92647
-1273.99306
-106.84839
-106.84839
-24.66137
-1318.07424
-6.06506
-142.24747
-32.45078
-388.30597
-33.26660
-222.85931
-155.24627
-1087.71738
-26.71301
-171.91415
-325.62300
-86.43350
-19.57603
-347.56527
-893.57426
-38.42862
-1506.57890
-62.28176
-313.93516
-19.77877
-475.24503
-465.59444
-49.77646
-5896.11880
-44.50643
-741.64393
-40.65158
-1952.45821
-11.05107
-2650.52180
-42.90022
-617.14668
-773.05939
-66.65172
-256.15361
-6.80830
-475.14294
-6.04535
-1793.01206
-30.91352
-2222.17838
-49.76825
-312.97062
-19.59224
-4600.15646
-73.28477
-299.67301
-5.36174
-41.95224
-688.40626
-33.08889
-1160.27264
-1545.13479
-34.00096
-845.01495
-540.71977
-365.69055
-131.25519
-93.66382
-96.14074
-485.12779
-27.75496
-346.27051
-28.86295
-4276.64264
-87.07727
-6832.11275
-54.01561
-661.96872
-1954.66449
-854.91547
-892.26387
-2836.63254
-242.83693
-17.16155
-72.36834
-115.94819
-41.97512
-226.60170
-404.60267
-14.07039
-105.65281
-538.77123
-61.67700
-2829.68283
-65.78476
-1396.01856
-10.45310
-2325.91219
-38.89175
-440.41000
-75.84078
-831.85933
-40.06623
-15.30386
-347.22764
-494.21258
-110.97610
-4033.28317
-30.31301
-570.19064
-82.59705
-8590.79226
-33.08984
-1623.96235
-46.10277
-478.45879
-1117.32637
-41.97767
-165.96965
-688.96827
-190.24844
-701.60516
-30.95843
-18.92795
-86.52911
-145.91901
-126.94220
-37.74226
-103.04996
-29.46320
-91.15627
-371.38567
-20.70126
-230.73589
-68.68040
-99.31601
-1357.20185
-54.38903
-62.00865
-72.65608
-127.16800
-69.91146
-7320.25868
-21.66870
-133.31021
-289.28084
-1006.34162
-37.33768
-100.72882
-356.00314
-285.01330
-56.77792
-634.92858
-19.40649
-296.81831
-12.07224
-1143.19480
-52.91603
-626.30977
-14.21556
-78.27327
-242.36358
-21.98043
-0.56092
-24.08154
-114.54003
-60.20326
-82.92973
-56.12117
-58.49072
-464.94221
-15.49564
-50.90347
-318.40527
-30.48637
-494.87763
-1423.45653
-57.34597
-74.87459
-343.62740
-477.37471
-451.79934
-295.99614
-242.38995
-370.65119
-227.12217
-504.03451
-355.44295
-190.18497
-8.98584
-945.59029
-43.34806
-935.62617
-31.63591
-1406.67450
-37.75472
-948.20463
-62.28176
-302.33817
-19.92283
-187.98354
-146.60154
-95.93394
-115.00313
-19.32475
-72.50760
-100.10226
-94.67123
-451.57345
-313.71702
-74.63417
-19.57603
-198.17796
-314.86552
-21.54245
-66.38112
-22.17524
-43.34148
-37.33768
-234.28808
-598.77961
-30.16624
-142.39175
-82.80011
-20.24363
-126.63057
-30.27094
-240.23341
-17.16155
-1784.11536
-365.44382
-591.57813
-134.93349
-72.67947
-3992.85298
-13.59406
-283.09573
-46.66936
-120.05039
-645.66350
-13.39748
-760.56707
-30.48637
-308.77406
-1423.45653
-67.66183
-30.14205
-97.28920
-601.50749
-25.77032
-466.08540
-641.32338
-87.02433
-231.88487
-247.10839
-34.10479
-340.92383
-237.08364
-42.03594
-1542.77490
-49.81497
-1039.40750
-13.82812
-1140.76445
-12.50902
-721.84972
-10.97512
-179.37294
-57.84569
-2054.29578
-15.87260
-282.69154
-10.33316
-108.21228
-30.34787
-5889.30308
-67.84923
-159.22152
-213.65848
-239.89142
-83.36365
-1341.16684
-21.65862
-279.61969
-56.72692
-184.82925
-7.32197
-398.73698
-19.83088
-347.89340
-28.65947
-331.12887
-14.07039
-163.68258
-65.36571
-983.16562
-77.80420
-1755.73420
-36.07847
-3698.13785
-14.07039
-15.27674
-44.59061
-355.11266
-12.39286
-654.86195
-24.30425
-1471.90030
-56.04585
-655.48600
-426.35186
-114.97930
-28.52332
-702.41004
-58.44367
-117.04340
-345.47659
-33.28288
-98.23387
-4247.68247
-1476.97676
-52.73143
-1110.29099
-67.16043
-1252.82654
-28.12644
-452.09504
-25.25204
-255.44497
-997.80754
-24.98421
-78.83179
-714.79292
-966.16482
-17.74542
-327.47130
-14.07039
-120.80389
-61.79948
-182.51139
-0.56092
-401.37310
-87.89872
-4880.20195
-57.95956
-1298.00756
-77.29389
-72.71131
-30.87702
-544.51926
-9.36174
-274.64140
-9.10607
-29.25543
-79.68021
-4472.21012
-8.50386
-656.92509
-292.03185
-30.14646
-549.03455
-88.49357
-353.97518
-212.87439
-359.27673
-6.04535
-1054.55000
-76.29052
-2117.01742
-32.68575
-887.05325
-72.08401
-1096.55369
-11.06489
-342.90049
-124.10104
-35.84031
-615.48576
-163.87388
-297.31279
-29.72763
-2088.42938
-40.33908
-111.61435
-368.67401
-308.49469
-524.69177
-17.94318
-234.68736
-77.92380
-484.99791
-22.17660
-15660.31260
-35.22940
-3253.21345
-30.93319
-449.72370
-14.21556
-242.44872
-257.80912
-285.62278
-152.76393
-71.18107
-885.24805
-846.38030
-1954.66449
-854.91547
-1035.92479
-41.48908
-247.49778
-23.44154
-4727.65139
-53.39968
-1873.57783
-9.62016
-932.54715
-11.48012
-92.94213
-0.56092
-2690.62952
-8.87319
-355.11578
-14.59371
-304.08194
-168.51501
-162.63785
-411.21177
-143.58532
-18.41591
-215.16378
-93.37288
-52.04076
-28.35873
-8.26224
-413.26625
-31.14826
-18.12007
-523.69781
-20.88764
-27.26187
-710.58548
-16.80476
-14989.14291
-35.54246
-3327.28626
-63.64601
-1141.18498
-3312.74217
-9.10607
-61.60620
-75.84078
-22.05353
-1037.21020
-309.34766
-16.97831
-391.37006
-178.34520
-53.23800
-883.44581
-14.07039
-182.51139
-23.26947
-135.32590
-274.20666
-179.96708
-394.82423
-16.09823
-1793.50994
-26.12469
-150.36598
-1309.94823
-23.44230
-704.00499
-11.59960
-286.67469
-169.44726
-111.29483
-392.45498
-14.07039
-178.84883
-653.64207
-15.27674
-44.59061
-355.11266
-42.59565
-328.01818
-192.07149
-310.17283
-9.56818
-861.85686
-25.19748
-845.10668
-597.77259
-201.19952
-26.27801
-216.63149
-19.19700
-244.54924
-647.89584
-18.54750
-713.77661
-6.06506
-802.06990
-6.04535
-230.49447
-33.49832
-399.85159
-34.38197
-176.81326
-24.04963
-225.91515
-25.07984
-426.55648
-6.04535
-323.93669
-25.08951
-247.16420
-1084.61706
-24.67547
-919.85213
-31.16274
-303.14500
-9.10607
-100.01509
-10.33316
-310.38324
-45.72784
-464.92504
-52.71036
-465.08913
-27.90687
-1839.88441
-115.18361
-18.12007
-591.90064
-1596.62261
-22.34570
-432.17245
-27.00822
-110.29326
-176.08994
-33.75840
-1048.19137
-415.25461
-63.72027
-25.00429
-8685.27828
-29.21188
-811.83352
-53.40851
-7731.90159
-24.71788
-297.02653
-34.08184
-30.14646
-246.90570
-5.36174
-843.79528
-37.00702
-17712.42065
-25.28704
-395.79418
-30.14646
-931.53590
-1557.33466
-11.59960
-132.67899
-77.51132
-6891.11309
-41.97767
-37.39505
-298.24892
-440.35903
-47.31284
-963.56712
-6.04535
-541.10230
-53.93114
-116.52177
-49.84050
-18.41591
-80.12603
-139.08478
-91.82112
-146.85122
-465.05827
-80.72709
-79.57522
-119.29801
-319.19956
-42.22360
-3497.01170
-62.10573
-265.66504
-698.86216
-113.00081
-187.09890
-31.05081
-509.64087
-58.67321
-376.95093
-19.95159
-1296.58898
-89.94389
-53.98537
-281.20352
-802.28715
-363.06364
-992.04104
-985.97232
-187.43091
-48.45344
-79.41423
-94.74393
-3656.06052
-14.07039
-707.63421
-399.07608
-3.08113
-25.07984
-512.07218
-19.32475
-16.67091
-153.80513
-47.59031
-40.67177
-152.37958
-57.07115
-426.94345
-45.35087
-1047.78217
-56.57873
-262.52168
-52.07421
-384.17803
-25.42601
-186.50889
-9079.66772
-134.41625
-57.52079
-338.67025
-85.01427
-3407.29570
-28.28811
-531.73605
-9.10607
-35.45491
-39.94841
-343.39675
-141.35782
-14.59371
-381.11278
-48.41257
-287.93760
-45.00645
-316.00309
-19.42169
-48.19381
-436.25000
-79.39292
-318.43054
-14.86293
-1015.68810
-25.77032
-90.43143
-187.34469
-402.39387
-661.34379
-41.31488
-2596.65313
-29.22035
-98.52310
-469.82469
-82.45558
-19.50339
-1423.45653
-63.37877
-731.89985
-86.76298
-1278.46374
-30.16624
-628.40288
-929.05358
-73.16172
-6.04535
-1455.42835
-53.61744
-70.59125
-25.77032
-87.02433
-231.88487
-247.10839
-11.59960
-89.64144
-71.34149
-3271.88319
-793.70755
-1255.80236
-67.07719
-2014.43102
-25.77032
-174.60901
-250.48315
-46.77342
-15.65377
-559.50404
-23.06839
-116.96438
-42.26051
-125.07832
-118.88113
-141.86460
-30.37963
-511.07823
-135.94476
-366.40150
-117.42115
-62.82488
-157.31033
-484.86505
-14.07039
-111.87809
-155.17622
-33.16728
-30.95859
-1804.72579
-32.98263
-334.07918
-27.97440
-432.63401
-1355.19705
-1266.23423
-30.16927
-761.49591
-22.31977
-1061.52984
-84.27385
-586.71099
-46.60978
-453.50168
-994.37444
-94.74393
-3661.05311
-14.07039
-839.40060
-20.08951
-108.89536
-74.80786
-53.15519
-1823.33797
-29.95125
-103.32695
-60.12270
-92.07568
-20.16890
-6425.13951
-108.87565
-3334.67494
-66.78133
-3006.40225
-50.23925
-3333.41504
-1.10969
-1334.01348
-10.42570
-2034.17024
-20.57760
-1168.25025
-38.55141
-858.97215
-52.73143
-1071.87889
-25.22982
-1481.06385
-9.10607
-85.66976
-36.50676
-1269.16304
-50.80173
-1784.21195
-27.90649
-955.17100
-1762.46651
-24.20633
-175.84659
-1047.21335
-12.12320
-238.80876
-62.78295
-554.62622
-1334.01348
-181.31845
-48.62600
-1846.73990
-95.24953
-1378.82657
-14.07039
-171.53932
-153.83577
-9.10607
-3.08113
-23.26947
-179.96708
-394.82423
-70.08468
-239.22837
-772.98781
-58.67321
-752.99662
-52.34789
-61.35299
-36.08962
-122.46057
-32.82175
-1420.65328
-75.96134
-3653.39376
-61.15760
-433.31355
-992.46003
-2880.17518
-169.18590
-24.80521
-87.72286
-15.29890
-2163.74036
-26.33277
-33.25846
-1642.05425
-52.96022
-314.45456
-6.04535
-9713.10528
-48.25582
-4048.71675
-72.34108
-9106.47950
-50.58564
-943.19702
-26.71301
-74.87595
-19.77877
-137.48503
-426.98616
-51.29593
-262.48519
-3.08113
-230.84828
-72.58189
-18.12007
-38.80582
-58.74984
-59.27092
-2096.30402
-72.79220
-82.90901
-157.03262
-3.08113
-127.48471
-14.07039
-323.00392
-408.21093
-20.13887
-120.14485
-49.83017
-54.21069
-2957.68221
-31.91264
-400.58528
-579.23391
-11.59960
-195.99581
-179.36742
-130.05638
-118.71092
-18.80975
-118.66702
-141.15726
-9.89190
-696.38306
-61.06912
-472.25273
-166.29022
-40.60120
-2858.42053
-57.52263
-322.14173
-62.35947
-239.59996
-67.10853
-8744.48734
-7.32197
-148.19302
-19.32475
-176.47003
-665.77979
-63.40718
-4405.35813
-35.07651
-695.57800
-2334.88903
-220.15918
-14.07039
-842.18935
-12.61729
-531.60683
-27.37030
-15.20608
-185.60898
-184.80741
-21.54245
-7.02036
-236.01740
-42.18149
-71.34149
-184.69213
-673.41563
-22.48705
-142.49690
-26.71301
-88.07184
-310.71958
-33.75840
-629.82177
-348.32004
-52.12961
-26.71301
-135.17170
-344.89654
-310.71958
-49.86390
-2241.34378
-29.95125
-92.07568
-29.72933
-955.57974
-701.90511
-50.55680
-822.33306
-9.45958
-215.48607
-14.10348
-201.19952
-50.75010
-1701.10610
-52.47059
-614.63443
-369.30831
-148.85782
-78.53803
-6429.62711
-70.74861
-1090.58523
-44.04857
-227.20651
-752.23581
-334.07918
-41.96630
-1878.00367
-16.25512
-178.71650
-23.95276
-339.74359
-22.46237
-3231.69347
-53.98537
-255.51960
-357.92265
-176.90548
-2492.99712
-44.30791
-61.35299
-160.23610
-40.47090
-47.35224
-236.20256
-216.02118
-14.07039
-1608.00349
-10.54225
-313.87188
-19.65743
-353.67836
-51.04227
-1391.99316
-36.73733
-4903.25232
-50.39749
-138.87699
-25.77032
-402.39387
-671.81787
-61.67700
-2829.68283
-30.68628
-3306.25585
-657.36454
-70.83704
-499.88467
-929.80614
-846.38030
-1954.66449
-1026.18143
-26.35960
-247.49778
-65.38353
-3055.06088
-14.68899
-513.49238
-62.82488
-431.25462
-274.13006
-291.91650
-23.00707
-751.97236
-34.00096
-18.12007
-368.54717
-29.25298
-42.92920
-1389.19193
-12.12320
-568.48677
-1334.01348
-181.31845
-90.43315
-308.57018
-25.41533
-690.00872
-34.76663
-440.32811
-10.33316
-223.31372
-23.44230
-222.72128
-1326.63277
-30.14646
-135.92022
-188.55398
-34.14582
-303.63562
-94.16831
-2393.74443
-689.44189
-11.73476
-619.58927
-13.21098
-1195.30403
-67.63509
-549.14104
-280.55725
-911.10202
-52.69609
-1226.91983
-9.78252
-279.40829
-23.83667
-946.48118
-30.68628
-1009.33777
-353.67836
-117.44774
-11.59960
-1691.15261
-212.91479
-48.61375
-1091.73797
-29.28756
-616.66846
-300.52765
-54.88764
-4973.20748
-2273.32116
-38.38380
-123.23645
-6.06506
-782.85260
-23.59096
-469.69478
-228.14391
-38.44386
-167.64325
-3.08113
-1732.04132
-25.77032
-69.22667
-187.34469
-402.39387
-671.81787
-12.51315
-4838.24412
-39.72339
-2064.64760
-36.17532
-2344.48088
-26.81607
-173.66690
-361.80099
-75.18365
-19.80823
-11.06489
-71.58991
-62.10573
-18.12007
-610.59555
-414.82935
-60.73371
-417.97840
-18.46584
-620.44493
-65.40559
-9387.16367
-77.87805
-7246.85538
-30.68628
-176.81182
-552.65853
-25.63449
-130.28669
-37.32348
-2007.17599
-175.42902
-47.87622
-725.05425
-30.14646
-112.46239
-242.89047
-51.63425
-280.80951
-9.10607
-184.34867
-27.62073
-8481.75336
-14.07039
-76.66391
-65.72477
-4.64733
-56.29304
-130.00977
-66.62404
-2581.53862
-42.76813
-377.37949
-17.16155
-67.55694
-165.61166
-621.11399
-9.10607
-137.40199
-12.41410
-184.96301
-8.22299
-1343.86014
-58.88792
-7390.19332
-23.57936
-119.86156
-59.73794
-470.25719
-565.45967
-21.40850
-736.34871
-70.59007
-52.07030
-391.15951
-808.91955
-19.95159
-253.92224
-18.23233
-138.75388
-124.28856
-54.01561
-1707.91404
-854.91547
-892.26387
-2489.90067
-371.95810
-283.54996
-242.83693
-13.39465
-1037.36455
-85.25854
-259.29149
-37.44062
-4016.98177
-30.48286
-782.31601
-3.08113
-823.05364
-56.77766
-7221.62039
-75.60785
-5003.38230
-22.29760
-1018.88743
-10.33316
-273.86589
-26.52389
-951.63512
-24.40871
-562.42957
-6.04535
-224.80427
-24.80521
-102.54198
-87.72286
-17.93493
-346.34381
-1431.26645
-58.48981
-2893.55252
-133.38026
-399.68424
-8.84869
-542.75006
-65.72034
-228.69253
-44.04857
-775.99210
-334.07918
-26.71301
-62.69753
-369.84087
-171.91415
-325.62300
-24.31594
-835.34281
-81.48472
-2786.50802
-22.91852
-701.61419
-17.24031
-2288.79353
-101.77838
-4737.01820
-66.58732
-7786.55297
-33.75840
-254.57604
-348.32004
-85.92486
-29.39126
-170.37868
-31.84106
-773.05939
-42.93608
-14.21556
-265.28135
-1058.94669
-27.30105
-134.12655
-231.41371
-26.03508
-1747.44819
-11.59960
-120.92800
-178.72032
-163.67656
-117.26051
-486.24026
-85.25795
-735.41940
-25.77032
-247.10839
-9.10607
-754.32245
-45.30560
-564.08216
-62.18126
-5410.73973
-76.44898
-5359.15222
-86.43350
-78.83179
-360.15455
-50.56008
-176.92768
-362.28942
-282.55898
-89.22038
-23.91176
-574.45872
-377.01420
-17.68436
-14.21556
-85.27398
-430.08741
-36.26450
-398.65342
-23.26947
-64.05894
-56.29412
-179.96708
-394.82423
-14.07039
-53.62835
-118.80160
-469.58136
-260.88771
-70.25109
-273.60840
-227.34734
-215.26053
-19.89687
-132.26602
-154.02995
-23.42632
-272.10034
-41.97767
-489.66856
-335.70004
-39.50911
-229.41485
-615.86444
-35.18997
-639.08527
-186.89704
-135.64444
-271.81188
-47.58742
-1027.41943
-23.59096
-233.53791
-465.39378
-54.88764
-1469.00176
-912.11556
-1929.80914
-184.49875
-11.59960
-117.81493
-391.57629
-84.80282
-59.87613
-30.93555
-534.68958
-4826.13302
-75.84078
-427.37396
-447.70877
-192.09604
-41.94243
-1374.79975
-25.19748
-167.89521
-503.23898
-845.10668
-597.77259
-201.19952
-67.67202
-335.25868
-16.97831
-551.85132
-514.47535
-53.72953
-65.34630
-886.80717
-14.07039
-122.39132
-83.71383
-519.77163
-9.10607
-86.34826
-33.66093
-2088.76482
-2143.71770
-78.48400
-52.77480
-120.25354
-119.19406
-9.10607
-18.62183
-32.33575
-1197.08817
-8.82074
-123.76729
-113.88655
-3643.15918
-83.36715
-4912.91093
-66.06474
-3405.47850
-39.21518
-8642.31197
-8.98792
-715.16678
-26.71301
-276.27794
-203.67040
-14.41018
-115.45250
-16.48090
-202.20536
-37.20883
-837.89694
-21.68599
-1491.53683
-19.77877
-79.45685
-329.12836
-141.42226
-30.68374
-566.14590
-21.08565
-242.11485
-18.12927
-140.70828
-45.64437
-94.03924
-10.30462
-115.07656
-55.19824
-260.14552
-18.41591
-447.38783
-287.73388
-19.65743
-1737.44993
-119.68343
-5327.81773
-89.45062
-956.72446
-14.07039
-280.06526
-314.43295
-300.47644
-98.10487
-37.01151
-4063.88320
-14.79626
-836.14332
-19.65743
-555.60944
-49.07432
-966.64378
-20.94007
-1146.04920
-69.04542
-403.47647
-11.97045
-1198.93823
-30.31301
-205.00084
-7.19483
-281.04057
-6.04535
-312.70425
-52.95434
-1964.47436
-14.07039
-577.82218
-797.88542
-85.13584
-9.10607
-184.34867
-73.61020
-411.77957
-1720.08315
-282.16819
-43.37900
-1569.29363
-18.50640
-154.12698
-64.61812
-140.94033
-92.88025
-91.40379
-4270.39995
-13.49807
-4106.97696
-21.37763
-155.29055
-77.50305
-7053.81449
-20.96790
-720.89827
-3.08113
-277.37809
-6.04535
-2202.59742
-26.07755
-235.85327
-153.53229
-47.63729
-2909.43304
-30.27559
-116.78591
-380.79946
-217.01348
-43.73917
-912.11556
-1980.57774
-346.10981
-631.08540
-46.67262
-149.30101
-12.89481
-73.34965
-1461.96364
-48.26175
-2210.23534
-60.50050
-42.67362
-11.59960
-100.21355
-34.89999
-41.73596
-447.90394
-44.60481
-86.89167
-993.30870
-1536.49616
-28.59060
-938.85579
-22.45137
-1662.51544
-1589.00838
-14.31831
-43.16774
-740.33128
-89.39378
-1581.75038
-40.30613
-754.97551
-811.83352
-74.09590
-1955.76946
-50.58564
-34.23078
-31.48451
-943.19702
-73.01385
-9456.72529
-3.08113
-2117.09656
-83.17038
-1228.89211
-18.79740
-20863.04960
-50.32378
-1347.96068
-21.40850
-571.51295
-737.30191
-70.59007
-14.07039
-284.96335
-35.99167
-4235.39889
-11.59960
-239.92250
-50.38834
-355.09147
-353.59415
-18.39771
-33.49832
-1558.20185
-11.62725
-1103.72452
-115.03641
-1073.23728
-81.48472
-2786.50802
-11.69134
-791.11332
-59.27324
-762.35197
-43.64196
-572.05808
-203.92290
-2605.63132
-47.57570
-279.73719
-156.67100
-23.51678
-29.22903
-96.88684
-2796.26984
-34.00096
-312.11336
-540.71977
-365.69055
-131.25519
-93.66382
-34.87704
-11.47152
-534.99426
-22.96406
-114.34907
-317.12914
-233.40302
-258.81586
-64.57875
-50.99298
-11.59960
-101.18964
-283.76456
-47.89995
-344.74275
-26.45433
-122.24154
-33.31999
-736.52045
-9.10607
-3.08113
-13.49075
-551.36892
-21.31673
-45.64186
-136.67468
-392.14395
-151.80359
-43.13725
-25.83907
-1322.30756
-44.02978
-219.01924
-208.08680
-199.34536
-354.12264
-55.06015
-74.91568
-4266.77704
-35.23229
-1190.75101
-46.89026
-4921.76324
-81.57496
-605.71667
-885.24805
-846.38030
-1954.66449
-1654.49718
-247.49778
-115.18361
-505.13612
-591.90064
-11.43485
-23.30480
-2498.75109
-40.30460
-1497.01386
-20.08951
-181.65547
-165.59296
-71.88361
-753.04476
-74.70618
-1090.38612
-41.30993
-2522.09229
-398.82317
-58.20426
-446.95240
-48.14891
-1489.28425
-40.73008
-115.19513
-185.62129
-28.47586
-2472.13697
-8.87319
-501.30352
-41.70010
-325.52796
-720.48032
-53.72953
-12.18232
-415.59637
-75.74796
-2124.92028
-24.56595
-704.06857
-43.45339
-369.91475
-38.40114
-747.22096
-31.14826
-18.12007
-423.60445
-3.08113
-63.51401
-61.35299
-124.62876
-185.88182
-6.04535
-7239.44795
-22.04460
-647.62212
-44.42685
-604.36199
-54.34677
-344.81928
-63.78306
-3664.17672
-60.56765
-731.80628
-298.33718
-39.58908
-1443.00178
-68.78773
-181.60249
-1086.23276
-37.44062
-3996.11241
-149.20886
-125.38418
-32.80793
-106.58762
-73.56049
-691.29601
-564.89209
-19.32475
-94.67123
-453.17468
-313.71702
-15.58110
-653.22020
-40.32823
-1188.40315
-20.96624
-258.59944
-12.19350
-176.99519
-8.87319
-5746.75389
-11.59960
-9.97063
-123.18819
-111.17966
-246.87863
-119.65828
-193.07151
-2249.49617
-3.08113
-624.13617
-52.47059
-1220.53757
-369.30831
-148.85782
-97.54011
-1579.40243
-27.75617
-397.66994
-3.08113
-218.74532
-33.77568
-425.57568
-22.98494
-517.16721
-81.63152
-9103.44949
-44.96076
-230.73930
-20.08951
-169.21308
-1310.30151
-765.61343
-55.84930
-8165.29499
-60.13356
-18.12007
-46.22178
-42.84556
-22.06651
-14.82941
-35.11610
-186.71235
-357.94960
-24.93023
-2346.00595
-21.57178
-3097.85166
-35.31924
-257.64077
-15.46008
-101.03397
-4.12736
-54.25415
-325.35019
-144.01407
-15.46008
-76.75171
-424.57603
-65.04252
-2786.50802
-36.26653
-1182.17059
-19.16800
-470.22720
-19.11623
-406.47693
-9.10607
-88.46119
-16.33907
-13516.87489
-67.75294
-374.76400
-16.97831
-120.17523
-34.00139
-36.30944
-800.61631
-18.29829
-124.79138
-196.36799
-9.10607
-3.08113
-46.60978
-551.48033
-994.37444
-77.98998
-6662.99666
-34.00096
-276.40919
-606.11787
-39.95062
-264.10919
-134.99367
-18.29829
-241.83818
-93.64834
-36.62324
-205.96835
-81.27590
-35.22529
-393.84629
-714.79764
-21.62107
-2551.02384
-30.65113
-123.72901
-1482.49538
-40.27831
-799.96541
-3701.07761
-45.00257
-2065.09059
-64.43191
-406.16554
-1.10969
-1.10969
-38.86338
-26848.86803
-39.51281
-343.28951
-48.40136
-43.09803
-1.10969
-1.10969
-66.25068
-59.74774
-128.72519
-1091.43204
-84.73782
-342.61427
-70.43663
-0.56092
-75.33758
-2154.55492
-74.49595
-3409.46459
-50.07491
-517.06639
-25.92969
-592.43207
-28.10153
-983.67708
-24.30090
-1244.79007
-11.06489
-72.89414
-43.62271
-1735.52535
-38.51724
-392.08849
-14.02842
-1203.10253
-24.30867
-694.45428
-55.71293
-1680.81361
-42.22430
-417.21543
-44.09510
-556.20611
-40.30653
-568.82438
-42.39982
-950.29756
-20.11777
-1694.97413
-24.93904
-0.56092
-15.59927
-1741.10654
-39.51281
-273.32659
-15.59927
-1751.21916
-40.23819
-639.76092
-33.13268
-1053.52235
-11.59960
-565.29022
-37.32497
-11996.02758
-43.37083
-569.06296
-43.37083
-569.06296
-22.35021
-839.50326
-22.66077
-1188.61263
-22.66077
-1188.61263
-61.34457
-28596.75060
-29.84734
-1800.63514
-44.79589
-693.98916
-76.17456
-1212.72217
-35.15237
-672.14935
-39.17227
-7706.23048
-55.41252
-7710.99556
-57.69793
-342.28495
-65.96532
-612.56185
-53.71262
-534.75595
-16.68807
-756.40778
-23.81578
-2758.18510
-40.04285
-465.09976
-25.85714
-554.54164
-64.93994
-488.26647
-48.88258
-1024.96292
-56.21762
-1396.46047
-22.35021
-849.03731
-27.40012
-22138.84751
-18.10880
-1106.36079
-13.30214
-642.76997
-50.96318
-996.39138
-64.65382
-1957.13738
-41.40970
-2804.57813
-52.62292
-0.56092
-52.77181
-970.26613
-16.26218
-1187.74359
-46.83148
-1026.58085
-44.00727
-3.08113
-27.67167
-1106.36079
-45.53634
-960.34284
-51399.09246
-52.77181
-970.36931
-62.72469
-748.87505
-12.32655
-211.92240
-21.46350
-953.00922
-24.21787
-96.06479
-42.74809
-893.42751
-52.29732
-0.56092
-30.39463
-653.72221
-51.62063
-165.28337
-25.02506
-932.81827
-62.72678
-1660.16530
-48.52672
-0.56092
-51.51369
-436.97726
-30.39463
-653.72221
-90.75498
-1379.11678
-23.67672
-692.89875
-41.56588
-1297.27329
-24.68583
-1024.84531
-35.22919
-11436.60782
-62.72678
-1657.21601
-46.70944
-395.33063
-70.27814
-1192.50050
-71.78052
-960.34284
-8.28842
-2966.98902
-20.90520
-331.14256
-50.57338
-171.89440
-65.40788
-12215.36104
-13.72851
-971.63461
-33.63617
-21.37632
-60.27241
-849.63130
-34.29079
-562.21397
-40.75093
-971.63461
-41.73808
-0.56092
-47.28954
-1380.09480
-62.10510
-307.85306
-51.42537
-1029.25972
-64.40538
-1337.56197
-45.34769
-149.90083
-13.65867
-3401.47655
-62.10510
-307.85306
-14.34719
-331.14256
-0.56092
-53.93377
-971.73791
-78.72561
-971.73791
-3.08113
-530.88173
-113.68899
-1529.56182
-16.79624
-2956.12113
-43.94167
-436.97726
-90.68309
-5061.31338
-28.43814
-613.89591
-20.38665
-3965.66877
-42.94906
-562.21397
-35.45454
-3.08113
-46.22421
-562.21397
-18.88268
-3471.94425
-44.82302
-1806.17900
-9.97063
-187.03499
-43.27237
-3401.47655
-45.62808
-1614.28312
-29.85466
-53.93377
-971.63461
-58.46080
-1071.80912
-28.51553
-454.48786
-10.17474
-72.65728
-1547.51449
-16.33197
-3338.23502
-70.52804
-867.28449
-49.99517
-2290.32462
-62.26434
-1219.19361
-81.19538
-1006.91218
-39.52206
-225.19427
-61.23914
-235.87773
-60.23515
-1182.37083
-20.09188
-4431.63477
-29.93083
-102.48359
-35.66285
-601.01890
-122.23053
-177.04268
-53.93377
-981.74548
-10.70914
-1203.32692
-34.73244
-5599.48722
-9.60193
-56.21691
-33.51646
-678.19266
-70.26146
-4.44095
-34.58091
-5127.45290
-38.25949
-0.56092
-1434.83548
-48.41980
-454.28185
-21.26974
-970.26613
-21.33388
-918.51278
-1102.50860
-45.48245
-715.68366
-25.94588
-270.47628
-68.52050
-5508.49605
-55.61392
-1215.37143
-54.00303
-1150.62404
-29.82087
-617.41768
-565.19690
-77.92569
-0.56092
-21.91003
-970.36931
-37.99412
-0.56092
-21.54022
-641.40774
-92.17761
-1107.43981
-16.74175
-960.23879
-1576.85410
-88.56756
-1400.44129
-32.31320
-601.97581
-45.99611
-373.63679
-3.08113
-578.20575
-13.22331
-922.68067
-147.12507
-13.72851
-593.23639
-40.75093
-960.23879
-77.45290
-982.96967
-24.29500
-0.56092
-35.40764
-911.65812
-71.41630
-1726.84373
-50.37865
-912.08433
-48.00429
-355.21008
-35.31393
-225.19427
-122.23053
-188.00486
-81.85932
-53.76361
-158.00020
-189.77193
-39.12732
-945.49378
-48.18768
-805.99739
-35.73368
-1055.46403
-24.67392
-218.16240
-34.88775
-598.60039
-82.64649
-1013.29158
-87.80881
-51.26581
-529.38386
-26.67257
-598.60039
-48.43473
-484.73690
-34.88775
-598.60039
-40.75093
-126.48948
-7.19483
-240.21918
-8.22299
-104.36638
-39.97118
-946.43210
-42.39982
-0.56092
-36.49641
-569.67464
-156.85434
-32.60464
-57.04908
-1530.30129
-14.07039
-556.84028
-57.93078
-1435.47328
-37.99758
-394.10306
-33.18290
-726.10036
-47.88185
-681.30680
-35.68400
-948.56386
-14.09363
-1117.67148
-108.51598
-1432.73016
-43.53032
-22144.40960
-55.08926
-0.56092
-42.84283
-62.92996
-1780.52852
-44.85687
-9.05138
-32.16852
-1122.47635
-29.26875
-948.56386
-48.49294
-677.96804
-60.12842
-484.73690
-43.94218
-1005.17006
-40.52147
-1308.89273
-25.98621
-1761.60740
-61.06078
-3748.58890
-46.95781
-665.14950
-32.97956
-1197.52582
-50.46388
-10.15068
-66.02472
-904.19501
-49.94047
-272.54724
-61.64916
-636.70482
-30.63766
-529.38386
-25.87555
-665.14950
-24.86720
-1173.51891
-35.03175
-598.60039
-23.73155
-1197.52582
-37.04682
-816.80926
-32.59616
-0.56092
-56.06911
-1154.50141
-92.17761
-1107.43981
-28.34622
-840.72392
-23.61430
-253.52557
-249.26737
-28.07679
-417.77128
-21.85794
-633.07585
-54.12659
-3133.22603
-41.82529
-662.61484
-26.90027
-831.50825
-44.16487
-831.50825
-3424.69859
-23.95096
-5431.25404
-37.67687
-0.56092
-26.31893
-4.44095
-70.66056
-0.56092
-53.93377
-73.16103
-35.53468
-73.60733
-17.91050
-1162.40769
-32.67313
-2750.17742
-64.60969
-73.16103
-62.77341
-5197.86655
-37.79172
-598.60039
-19.32475
-458.64623
-37.79172
-598.60039
-30.30419
-0.56092
-44.84227
-1759.59271
-52.19656
-73.60733
-26.88591
-3851.60516
-50.06057
-133.52294
-71.73505
-497.10246
-43.94218
-46.35856
-669.93255
-82.42347
-1008.74104
-17.93493
-676.18366
-35.31051
-665.29798
-40.10088
-1550.38504
-28.90735
-665.29798
-57.48062
-401.95167
-19.08525
-2600.56866
-30.41257
-746.45806
-18.29829
-640.36320
-48.45263
-990.70017
-80.25837
-3401.47655
-67.79454
-674.27954
-101.48546
-52.69380
-0.56092
-28.83028
-458.64623
-34.92006
-16177.21845
-49.31115
-723.37808
-160.08654
-63.19282
-353.90002
-25.72966
-93.56805
-64.85649
-1759.59271
-56.51446
-557.13533
-68.70471
-198.01115
-51.14625
-65.04094
-40.33989
-19.53059
-49.31115
-723.37808
-35.26673
-657.68198
-52.08395
-845.06011
-4314.86122
-51.69452
-58.43322
-161.73911
-531.77354
-17.93493
-608.98619
-24.48689
-815.71618
-28.76332
-807.62742
-23.97377
-510.99587
-25.39831
-1022.43972
-16.46534
-462.99266
-12.59114
-636.70482
-49.29795
-461.55760
-28.83028
-1311.17757
-28.70814
-446.21559
-33.38038
-1740.77999
-9.33749
-2880.72646
-27.44122
-633.07585
-28.15642
-1051.81751
-48.99011
-608.98619
-17.80065
-1740.77999
-86.75057
-21118.46844
-16.59515
-3698.90739
-41.33515
-159.20050
-16.97831
-608.98619
-35.10490
-227.76576
-43.09666
-74.47102
-0.56092
-1042.59415
-54.83132
-428.18384
-15.81974
-598.60039
-98.71103
-2236.03720
-41.33515
-159.20050
-50.54410
-695.14175
-56.26752
-567.25986
-25.39831
-1051.81751
-28.15642
-1051.81751
-23.17619
-1064.90450
-33.23349
-1740.77999
-31.18273
-1736.53579
-15.37246
-43221.44649
-42.66584
-2710.86216
-47.62739
-461.55760
-38.47367
-746.45806
-0.56092
-1064.90450
-35.18107
-1740.77999
-21.95336
-40.97110
-3.08113
-63.48912
-228.46533
-81.29109
-765.08157
-20.28956
-37.56415
-55.19773
-23.13026
-478.68151
-18.99923
-478.68151
-28.85418
-499.79064
-39.93023
-381.31125
-500.53783
-63.09801
-63.48955
-263.66695
-34.68436
-831.24908
-25.41652
-636.70482
-47.48362
-364.02623
-8.72147
-908.49683
-40.62012
-47.16390
-9.03755
-2995.97171
-50.09066
-1440.31305
-29.19823
-461.28944
-45.67076
-90.38375
-29.29148
-15.40250
-1022.43972
-21.85794
-636.70482
-104.88374
-3539.77892
-53.08641
-373.17424
-55.67982
-539.04556
-23.73155
-1051.81751
-51.27866
-833.39681
-5.36174
-603.24710
-26.00831
-2184.34525
-78.45002
-1234.22744
-70.94139
-530.59860
-51.26581
-618.70896
-3.08113
-3621.69675
-14.53043
-636.70482
-22.08324
-1056.74137
-22.05910
-33.36142
-280.02595
-14.53043
-636.70482
-27.30612
-58.84683
-10.32140
-810.38546
-72.98340
-454.38537
-53.50436
-109.48086
-40.22046
-682.01533
-129.89042
-229.17330
-64.74595
-44.76934
-3246.49234
-29.56270
-328.93007
-16.19138
-1424.86996
-66.71692
-253.24082
-19.29949
-480.10301
-30.14003
-328.93007
-53.70862
-684.17149
-28.68128
-577.36779
-13.98925
-34.99442
-86.51317
-4133.86852
-31.69819
-328.93007
-26.86326
-455.27762
-45.20520
-3648.20532
-23.35887
-3430.31931
-1.10969
-379.86136
-87.70394
-1367.38682
-1928.28547
-26.54491
-3234.62398
-1925.43882
-35.18387
-280.02595
-25.00593
-307.22872
-28.78603
-328.93007
-77.24312
-36.99008
-23.86511
-1106.95789
-57.69550
-0.56092
-13.27866
-342.34965
-43.22477
-12.97798
-1316.42456
-11.34218
-3159.23665
-29.56270
-40.23850
-1388.46979
-69.62981
-1161.50450
-30.85957
-5401.57851
-6.04535
-56.36933
-19.62421
-733.14752
-33.13839
-0.56092
-51.40890
-1843.27434
-40.92117
-615.04571
-113.68524
-36.93529
-41.68029
-71.92353
-40.23850
-1388.46979
-32.70591
-494.47786
-37.82679
-325.88314
-33.96887
-323.29437
-33.96887
-334.47462
-34.20990
-3552.89377
-33.93201
-325.88314
-45.97243
-390.74404
-17.29999
-1005.07974
-43.31674
-0.56092
-41.60328
-117.41252
-37.92264
-1627.88807
-22.57579
-1026.33882
-69.23270
-2705.83474
-13.27038
-329.33476
-307.23730
-36.18470
-124.76618
-42.11099
-835.18563
-35.14195
-822.38755
-59.90655
-1437.15748
-33.10015
-438.77359
-12.54720
-72.82538
-44.96568
-213.37709
-49.97688
-2856.58062
-74.84558
-3000.40552
-36.52740
-653.36858
-41.33882
-830.25303
-307.23730
-32.34787
-117.41252
-27.62113
-457.23544
-92.95398
-296.46981
-54.98492
-349.52171
-13.50897
-498.10478
-30.02557
-568.82438
-16.30688
-171.09491
-30.12881
-960.33710
-62.54310
-87.43846
-2104.28786
-23.61611
-342.43697
-69.65134
-532.02088
-19.87646
-3935.75627
-20.19636
-31.56263
-3104.37146
-1548.43104
-46.05649
-135.04232
-61.29004
-642.02209
-16.99729
-2545.30786
-61.08611
-4196.26335
-91.58843
-502.73521
-75.53116
-345.80635
-64.15113
-40.23850
-1388.46979
-22.32516
-396.02103
-27.62174
-1249.72417
-23.62991
-1248.69477
-32.09884
-706.58904
-51.95853
-1323.19453
-81.99241
-968.91082
-42.27699
-326.92167
-30.29981
-724.86274
-32.91734
-324.04749
-70.75807
-323.29437
-75.28385
-664.10233
-32.00472
-1248.69477
-36.90967
-63.03250
-20.61776
-3222.96864
-42.63472
-1228.93273
-88.01794
-560.31336
-28.78603
-231.53697
-111.31852
-279.22039
-33.42191
-168.23679
-21.60706
-314.07401
-22.45969
-241.33756
-35.12418
-117.41252
-54.19948
-85.81408
-70.09539
-4655.26381
-42.27699
-326.92167
-69.83095
-161.42126
-49.22376
-373.54782
-20.67369
-124.76618
-11.61378
-241.33756
-51.99736
-323.50224
-35.23260
-959.37730
-42.92920
-124.76618
-26.47352
-719.29745
-35.07834
-3820.47999
-46.05649
-135.04232
-57.20382
-724.05692
-70.75807
-323.29437
-44.04664
-314.21164
-51.49873
-121.39129
-58.11497
-323.29437
-44.29526
-920.67080
-2255.28827
-18.09115
-168.23679
-12.16560
-0.56092
-37.21434
-124.76618
-24.02539
-181.50664
-64.38630
-4680.91671
-30.28575
-173.37360
-23.62991
-931.79991
-46.45854
-17.24671
-2931.36696
-77.43579
-492.25049
-60.61202
-249.26704
-51.87428
-4.44095
-79.13471
-570.92153
-54.93145
-251.33919
-204.71275
-1230.02180
-5.36174
-966.30068
-105.26904
-19.58123
-0.56092
-29.30758
-2486.91540
-77.18466
-70.82363
-56.13105
-52.34516
-60.67328
-46.62789
-57.69119
-53.56102
-44.32691
-1821.83511
-53.15481
-180.78796
-55.75466
-20.88402
-52.98142
-2058.45408
-44.18119
-107.54601
-40.85589
-775.59747
-13.94170
-7.80851
-29.82087
-181.21708
-28.24376
-43.42996
-93.70668
-8642.83266
-69.43225
-124.88040
-36.46797
-60.00488
-2609.65367
-54.05946
-54.16186
-20.91173
-1910.05957
-39.18971
-682.40571
-27.79887
-996.09280
-60.00488
-2609.65367
-19.58123
-0.56092
-63.20952
-5071.08260
-51.80228
-43.98168
-110.69096
-103.82905
-64.32629
-89.76784
-254.48467
-20.09188
-3845.88679
-5.36174
-18.52702
-20764.96870
-54.32586
-36.76650
-56.48114
-1237.44583
-40.30653
-568.82438
-78.17309
-899.22431
-49.84758
-3109.98090
-67.30396
-55.95298
-319.40854
-45.97897
-46.37056
-36.58511
-603.35887
-27.05028
-19.24326
-103.06760
-11.59960
-702.19123
-25.97970
-1579.20585
-98.31861
-551.06746
-17.88666
-1930.50067
-172.91735
-559.33473
-47.41251
-40.83018
-945.49378
-50.56917
-70.29405
-888.54182
-60.67328
-70.22622
-180.78796
-40.37038
-617.84308
-57.23122
-30.33131
-3.08113
-64.42068
-95.67213
-1945.65945
-31.12147
-106.98542
-55.95298
-319.66805
-55.21825
-1235.33273
-32.10765
-945.49378
-49.46598
-3673.84536
-14.85007
-36.46797
-100.15472
-3.08113
-60.84460
-26522.24019
-39.63019
-1636.51430
-10.64040
-46.31566
-40.85589
-775.59747
-35.65419
-1831.39898
-34.43845
-3825.78334
-50.26314
-695.39824
-31.56121
-892.43827
-27.47593
-2799.41826
-6.04535
-195.89003
-58.19417
-945.49378
-55.73683
-18535.36070
-30.84489
-553.94411
-35.03175
-0.56092
-6.04535
-970.34460
-61.95657
-4307.27459
-83.32957
-4307.27459
-23.55335
-0.56092
-38.66356
-1091.16964
-34.09132
-589.81231
-16.14079
-200.44761
-31.77052
-3454.23244
-62.42105
-978.42825
-38.13196
-13826.96353
-70.47429
-1636.51430
-28.56906
-543.62124
-15.81974
-111.56335
-3360.78939
-2868.50640
-55.12267
-4.44095
-28.85193
-1416.04386
-111.56335
-3360.78939
-3.08113
-30.31885
-11.96250
-40.91365
-75.79404
-636.79146
-20.35991
-3.08113
-58.16079
-904.99253
-60.29307
-769.50015
-36.56523
-769.50015
-55.42670
-4307.27459
-91.90070
-4307.27459
-47.73767
-166.70638
-4307.27459
-25.95412
-685.31843
-56.24563
-1569.82332
-25.92662
-7.80851
-46.69256
-470.71625
-74.70168
-312.52962
-73.92660
-644.75997
-69.19955
-769.29746
-21.41431
-4.44095
-42.74809
-773.23022
-10.64040
-0.56092
-74.70168
-312.52962
-42.65801
-350.00977
-33.21242
-12.38695
-6.04535
-492.09275
-28.35139
-2250.40597
-33.50578
-373.73787
-56.24563
-1544.83399
-2317.65230
-40.70683
-0.56092
-79.57512
-443.35138
-44.42043
-77.72229
-5100.59644
-39.22982
-892.63314
-48.92753
-892.63314
-35.62646
-4.44095
-45.61131
-4449.99537
-54.46747
-460.52587
-45.61131
-4449.99537
-79.16049
-2855.47573
-23.87576
-35.52595
-33.40507
-1214.72024
-57.80503
-22262.04376
-13.56772
-781.90847
-56.24563
-2156.94827
-20.17957
-2687.98680
-43.74840
-252.55638
-22.81041
-524.39469
-33.99141
-524.39469
-11.25087
-4.44095
-4.44095
-30.06727
-612.40406
-71.06099
-580.97443
-62.00198
-1930.76155
-58.07416
-1351.29837
-30.73476
-455.64577
-35.51009
-14264.71000
-56.24563
-2156.94827
-23.53145
-857.00403
-12.14858
-925.69740
-42.05651
-661.03336
-43.84794
-54.10953
-487.38606
-17.25888
-4.44095
-32.80893
-0.56092
-41.44177
-0.56092
-11.25087
-0.56092
-29.42350
-11.55367
-4.44095
-45.15470
-811.33990
-48.44382
-69.07055
-65.93031
-4244.99319
-53.38479
-669.95901
-65.93031
-4247.71301
-33.26915
-4.44095
-60.03241
-1969.84028
-36.37028
-401.95167
-30.41257
-912.15245
-32.74540
-1642.37973
-43.57562
-670.58022
-43.32176
-60.64283
-31470.74557
-27.22284
-1116.14171
-31.54231
-1308.88785
-33.49543
-865.74385
-62.00198
-1712.83483
-44.93829
-1979.63887
-33.09940
-1204.96760
-14.69878
-46.75015
-51.39857
-4.44095
-20.22187
-3574.21245
-41.93574
-4065.87057
-27.39612
-6580.45039
-12.97798
-1232.47805
-80.91460
-2516.94696
-27.78150
-1886.33050
-64.16345
-6863.67854
-42.41931
-422.89387
-43.14084
-116.44316
-42.74809
-893.42751
-10.03691
-5422.20948
-33.46948
-318.16968
-26.67257
-4.44095
-32.59322
-22155.77878
-6.04535
-2631.43786
-24.60346
-79.20457
-30.18394
-944.04956
-39.13958
-2286.83997
-60.80196
-609.91823
-23.71529
-158.51732
-63.42685
-687.44360
-34.09121
-602.80868
-92.41309
-524.13941
-63.20823
-666.40891
-40.10677
-54.02436
-13.64544
-1053.40763
-76.02750
-1272.64411
-20.23748
-975.78233
-23.35755
-36.41424
-28.15642
-3.08113
-29.26875
-893.42751
-52.99650
-515.17226
-53.17649
-4.44095
-45.01062
-2213.27435
-72.75610
-1386.25066
-48.23984
-2143.07631
-84.61008
-431.17585
-52.13237
-2442.39241
-45.43479
-298.05326
-43.56949
-840.61352
-33.61084
-662.01666
-47.31132
-5.36174
-21.94775
-1245.01635
-52.88934
-411.31876
